n = 10


[(2,45), (45,37), (9,29), (57,49), (23,27), (29,7), (38,31), (77,0), (4,68), (16,99)]


n = 50 


[(6,0), (43,31), (70,52), (24,20), (36,2), (41,49), (58,17), (10,88), (78,67), (2,94), (9,64), (95,44), (64,88), (36,5), (52,43), (75,7), (40,23), (65,83), (77,34), (95,38), (92,3), (16,0), (75,86), (38,25), (77,29), (36,10), (55,80), (29,43), (38,44), (30,36), (15,62), (83,36), (61,88), (34,19), (54,13), (6,20), (65,33), (83,29), (60,98), (18,76), (66,98), (7,94), (82,91), (62,82), (90,99), (15,71), (87,6), (1,72), (31,21), (81,78)]


n = 100


[(83,63), (13,83), (85,11), (65,77), (76,20), (17,24), (43,81), (76,47), (34,54), (36,65), (9,42), (76,20), (16,65), (8,10), (98,42), (24,87), (20,61), (5,95), (12,58), (38,14), (28,88), (29,17), (57,30), (88,47), (79,76), (42,45), (19,19), (26,94), (89,48), (12,69), (18,96), (83,54), (47,34), (51,13), (16,22), (75,96), (82,51), (19,64), (88,89), (17,43), (85,7), (59,87), (10,74), (5,60), (25,70), (17,14), (90,4), (48,10), (16,75), (63,74), (85,38), (82,6), (78,56), (90,23), (15,71), (51,96), (5,85), (30,59), (41,70), (30,93), (3,27), (1,6), (45,12), (19,58), (13,46), (48,38), (52,8), (4,13), (45,5), (74,29), (12,27), (32,57), (46,34), (27,78), (3,16), (76,72), (76,21), (61,62), (95,66), (2,20), (11,35), (97,15), (37,70), (21,33), (79,77), (10,66), (6,35), (96,44), (26,21), (44,87), (77,80), (96,37), (75,90), (19,9), (27,27), (69,57), (9,8), (22,11), (39,38), (18,70)]


n = 500

[(37,54), (7,38), (15,83), (24,26), (6,54), (33,35), (4,41), (27,19), (26,81), (29,9), (65,7), (27,48), (42,49), (41,94), (37,49), (42,51), (60,13), (49,62), (93,23), (31,51), (65,34), (26,1), (3,39), (40,38), (90,90), (74,28), (33,98), (83,45), (85,43), (2,28), (29,53), (20,13), (12,3), (59,31), (87,61), (42,51), (8,31), (21,16), (80,85), (10,59), (35,84), (56,89), (56,94), (17,65), (7,38), (97,35), (84,41), (78,31), (68,31), (72,86), (72,36), (37,28), (94,81), (48,7), (75,10), (22,28), (97,15), (44,26), (66,83), (46,75), (15,83), (56,26), (40,6), (76,85), (46,37), (87,9), (69,42), (88,0), (77,93), (57,59), (40,43), (10,2), (34,20), (99,66), (68,36), (0,49), (31,27), (19,82), (84,84), (49,90), (97,7), (66,38), (13,65), (18,62), (96,73), (29,47), (30,82), (35,80), (26,42), (23,44), (87,33), (71,29), (37,47), (84,21), (33,97), (72,22), (96,52), (37,57), (54,6), (9,81), (76,36), (70,20), (91,94), (20,65), (53,83), (65,42), (67,20), (49,24), (18,32), (67,91), (2,63), (98,46), (4,64), (10,26), (32,54), (91,30), (62,64), (59,92), (35,59), (31,31), (82,63), (24,15), (37,48), (5,12), (17,45), (52,27), (60,88), (60,13), (95,59), (80,67), (69,64), (87,91), (77,96), (34,54), (3,79), (67,71), (68,40), (50,60), (61,7), (38,82), (73,56), (81,64), (55,97), (52,77), (55,1), (40,99), (17,16), (36,54), (71,82), (67,41), (34,60), (70,37), (88,90), (47,10), (55,32), (2,56), (17,1), (18,77), (45,1), (73,39), (65,3), (5,51), (1,14), (96,77), (92,16), (46,31), (30,22), (79,53), (36,69), (0,29), (56,66), (24,16), (9,25), (55,36), (78,87), (66,47), (55,14), (64,84), (71,93), (46,19), (54,46), (27,68), (87,61), (7,49), (76,61), (8,54), (0,72), (43,67), (68,53), (24,89), (19,76), (79,87), (51,4), (44,98), (54,67), (35,53), (55,59), (94,12), (2,55), (55,94), (3,88), (90,37), (45,5), (99,62), (10,76), (40,4), (67,35), (96,2), (71,9), (60,77), (9,37), (77,59), (6,27), (84,40), (8,9), (82,1), (62,47), (49,84), (5,10), (13,66), (54,29), (98,95), (15,59), (40,70), (71,47), (27,62), (48,44), (13,54), (11,76), (80,10), (99,78), (61,8), (18,32), (82,15), (18,29), (65,51), (74,84), (49,56), (22,85), (73,44), (51,64), (35,68), (85,12), (15,77), (44,97), (16,96), (99,84), (71,60), (75,96), (36,43), (23,21), (41,81), (74,90), (79,24), (48,52), (18,88), (42,14), (22,94), (67,29), (25,84), (21,96), (54,81), (56,13), (82,43), (89,74), (60,94), (25,51), (88,90), (12,10), (62,66), (66,39), (91,36), (5,97), (35,60), (66,22), (60,64), (15,65), (49,45), (27,75), (66,3), (35,0), (27,40), (0,28), (94,85), (76,53), (6,74), (0,19), (32,14), (90,65), (81,91), (21,97), (27,69), (83,97), (4,65), (7,18), (24,61), (48,65), (95,16), (95,59), (71,68), (71,27), (73,99), (49,5), (38,32), (89,28), (14,99), (88,37), (97,80), (81,93), (76,13), (34,63), (31,94), (63,50), (59,27), (54,82), (16,1), (97,63), (7,36), (5,44), (40,65), (94,62), (8,8), (52,25), (15,13), (79,94), (24,46), (53,20), (52,13), (24,46), (80,67), (51,97), (54,8), (73,85), (38,82), (5,22), (68,21), (7,68), (98,53), (20,4), (92,35), (81,2), (31,2), (71,70), (50,10), (81,21), (60,51), (40,58), (52,64), (47,32), (22,61), (33,83), (32,22), (33,19), (64,26), (86,64), (71,43), (10,41), (40,13), (39,60), (58,87), (52,71), (34,3), (64,97), (19,49), (50,20), (75,8), (7,77), (96,91), (56,48), (45,58), (37,92), (99,78), (2,17), (80,64), (98,93), (99,31), (2,91), (43,86), (77,40), (64,84), (7,98), (72,78), (1,70), (24,11), (62,28), (14,84), (4,58), (12,58), (64,49), (97,70), (39,51), (91,80), (75,33), (74,99), (46,38), (60,89), (99,57), (34,53), (55,16), (34,63), (66,56), (34,95), (53,56), (82,66), (6,66), (10,95), (74,28), (49,8), (6,28), (13,76), (85,6), (78,89), (1,63), (33,80), (39,55), (25,5), (45,80), (44,79), (91,67), (3,24), (19,13), (57,84), (41,72), (11,91), (12,37), (28,82), (76,71), (92,96), (33,85), (60,48), (40,58), (49,9), (75,96), (50,58), (47,50), (66,14), (3,0), (36,14), (77,82), (71,82), (2,35), (92,63), (13,56), (66,48), (17,29), (35,81), (13,4), (12,2), (78,42), (67,23), (1,94), (44,52), (1,17), (31,95), (20,18), (46,75), (21,89), (48,49), (84,39), (72,92), (95,87), (83,55), (79,84), (30,61), (86,43), (89,25), (39,87), (4,53), (41,29), (86,16), (24,97), (95,72), (84,98), (90,30), (23,66), (0,95), (48,83), (12,85), (48,33), (17,82), (41,12), (7,89), (48,68), (67,9), (43,1), (90,10), (90,2), (48,99), (70,61), (38,84), (36,30), (89,5), (1,78), (5,70), (70,16), (2,59), (59,58), (82,26), (15,67), (42,76)]


n = 1000


[(98,73), (51,60), (97,5), (7,51), (1,99), (61,29), (68,71), (87,56), (51,99), (15,62), (28,1), (10,33), (14,73), (17,38), (99,26), (88,74), (59,25), (32,3), (50,87), (70,18), (60,67), (91,30), (69,32), (66,45), (7,37), (28,73), (95,85), (62,96), (66,19), (58,97), (28,52), (55,22), (55,47), (44,52), (2,53), (30,47), (23,88), (19,99), (64,63), (51,91), (70,50), (19,13), (68,34), (75,19), (39,6), (2,13), (85,47), (73,98), (83,71), (92,31), (23,55), (27,23), (25,34), (5,96), (83,39), (7,96), (51,63), (84,14), (67,96), (17,70), (86,83), (0,6), (56,36), (58,41), (15,94), (86,59), (33,16), (24,21), (67,97), (43,43), (24,70), (60,24), (11,65), (34,79), (28,97), (82,47), (88,52), (29,87), (33,59), (61,2), (34,48), (29,88), (58,47), (27,63), (92,95), (69,20), (50,11), (69,48), (5,70), (84,5), (65,0), (9,89), (13,30), (33,56), (99,19), (11,46), (94,97), (48,70), (98,7), (15,61), (82,81), (42,33), (60,74), (20,60), (43,51), (60,49), (12,56), (39,15), (21,66), (93,71), (57,81), (66,51), (58,97), (93,20), (77,64), (64,81), (63,39), (97,66), (27,2), (57,46), (66,64), (82,51), (93,1), (23,58), (98,41), (55,26), (9,54), (91,61), (96,75), (13,96), (94,81), (13,25), (25,70), (87,20), (66,69), (21,32), (97,42), (68,29), (94,41), (14,88), (23,96), (10,32), (4,33), (61,65), (91,49), (31,11), (10,60), (97,59), (64,58), (1,57), (69,74), (35,95), (58,80), (65,80), (15,61), (83,51), (40,36), (13,28), (84,20), (2,33), (1,71), (94,4), (60,41), (17,19), (93,16), (71,26), (67,95), (58,19), (76,61), (77,12), (42,14), (13,0), (73,90), (2,29), (4,81), (42,75), (30,47), (60,50), (34,71), (27,28), (53,93), (80,79), (15,67), (28,9), (36,80), (12,63), (12,64), (74,3), (87,34), (65,19), (89,82), (18,33), (69,31), (62,96), (7,55), (46,34), (18,48), (94,95), (83,40), (29,53), (8,32), (64,21), (61,94), (96,79), (51,20), (31,68), (8,71), (23,12), (52,94), (60,17), (68,54), (91,87), (51,57), (33,75), (15,36), (18,77), (29,26), (6,21), (80,69), (57,70), (1,42), (80,42), (62,44), (83,72), (99,50), (26,57), (32,29), (71,35), (50,23), (57,73), (96,51), (0,72), (90,77), (99,5), (97,70), (67,69), (79,98), (0,44), (7,29), (90,3), (39,94), (19,28), (8,58), (20,16), (20,56), (78,75), (11,60), (89,54), (44,40), (52,93), (16,86), (18,54), (0,60), (22,70), (52,12), (93,87), (51,63), (88,62), (22,70), (83,96), (14,83), (3,37), (28,83), (13,58), (63,51), (97,9), (51,30), (38,90), (22,53), (34,66), (85,13), (73,82), (42,38), (98,9), (33,69), (72,8), (3,2), (30,68), (70,79), (6,20), (54,79), (96,57), (95,57), (66,88), (50,36), (22,10), (20,57), (13,90), (61,68), (62,25), (37,24), (17,44), (4,90), (56,94), (77,88), (86,88), (59,6), (94,63), (71,32), (74,67), (2,96), (50,72), (72,12), (83,61), (12,98), (39,7), (53,91), (83,37), (57,40), (11,36), (3,64), (70,83), (24,90), (45,52), (94,77), (73,22), (75,61), (14,93), (67,4), (80,87), (97,2), (79,64), (88,51), (76,78), (75,76), (65,65), (34,95), (45,37), (69,3), (57,51), (66,55), (46,97), (20,72), (53,58), (36,17), (64,66), (22,20), (70,97), (60,92), (39,97), (70,60), (43,69), (93,29), (60,31), (66,36), (51,28), (46,63), (50,73), (46,9), (80,6), (64,35), (34,46), (19,90), (98,86), (50,58), (90,24), (37,9), (26,89), (63,67), (63,38), (7,35), (61,47), (4,53), (33,98), (0,67), (17,79), (94,3), (59,24), (75,25), (64,27), (77,2), (79,39), (11,8), (13,37), (87,3), (1,89), (37,26), (87,17), (51,26), (70,86), (92,13), (33,34), (6,44), (35,7), (6,76), (71,88), (73,16), (94,19), (90,76), (6,88), (2,90), (92,18), (91,70), (65,85), (95,9), (70,77), (68,70), (16,88), (54,14), (88,57), (6,28), (35,67), (70,88), (9,54), (21,51), (57,3), (13,48), (60,57), (12,63), (64,98), (78,56), (70,83), (85,19), (29,68), (88,34), (74,47), (90,21), (81,73), (33,7), (54,66), (37,36), (99,25), (93,89), (42,14), (17,86), (27,87), (14,84), (55,53), (28,24), (20,68), (59,37), (96,56), (46,37), (21,48), (68,19), (76,71), (75,47), (67,0), (38,20), (76,22), (57,58), (80,7), (86,78), (61,78), (34,83), (47,38), (70,28), (14,64), (39,87), (62,58), (46,56), (22,8), (35,84), (47,70), (21,63), (58,37), (84,48), (65,47), (47,94), (23,38), (6,44), (54,88), (16,86), (52,7), (69,62), (18,89), (32,66), (1,16), (71,44), (62,49), (27,46), (0,92), (16,21), (84,91), (44,29), (78,27), (64,74), (69,8), (0,39), (67,67), (9,33), (66,58), (79,46), (60,22), (77,74), (40,38), (93,69), (1,47), (99,66), (86,88), (98,16), (82,69), (32,45), (30,5), (67,70), (30,60), (36,20), (1,17), (57,17), (41,28), (41,30), (9,40), (15,82), (96,37), (45,46), (92,45), (89,92), (80,32), (37,57), (5,59), (44,15), (52,72), (91,29), (35,8), (90,35), (6,83), (36,55), (75,59), (64,41), (41,64), (70,1), (44,94), (36,56), (69,68), (61,29), (66,40), (79,25), (35,91), (57,28), (26,18), (49,38), (21,48), (17,82), (19,40), (75,59), (32,81), (75,80), (26,64), (37,63), (86,82), (61,73), (30,65), (81,48), (69,77), (64,51), (40,40), (30,94), (21,83), (77,88), (20,41), (81,64), (31,75), (55,58), (66,37), (34,17), (3,72), (53,22), (4,83), (85,28), (61,5), (80,20), (16,82), (97,44), (84,69), (25,27), (53,23), (25,28), (85,96), (9,90), (51,16), (83,67), (6,11), (49,73), (36,86), (80,65), (29,88), (96,88), (61,41), (66,32), (37,6), (86,98), (72,26), (91,90), (76,74), (55,43), (30,87), (97,9), (79,58), (58,95), (70,14), (77,19), (81,6), (65,85), (1,67), (56,56), (60,1), (65,90), (44,14), (74,19), (0,1), (35,37), (96,33), (21,18), (18,55), (40,40), (83,74), (87,82), (55,68), (85,75), (46,20), (22,42), (30,12), (92,95), (22,58), (46,60), (73,36), (88,9), (75,17), (20,21), (3,76), (26,35), (5,81), (98,20), (65,6), (85,0), (21,61), (92,49), (43,87), (75,26), (70,25), (17,2), (23,61), (9,23), (38,1), (66,17), (83,93), (97,92), (25,26), (18,28), (14,84), (62,56), (9,64), (19,35), (11,87), (65,85), (53,45), (57,26), (93,28), (51,83), (55,97), (52,36), (78,87), (62,92), (48,50), (72,17), (81,30), (14,55), (4,71), (62,0), (21,78), (12,98), (65,43), (67,83), (92,99), (95,41), (53,84), (21,18), (9,56), (61,68), (6,46), (6,18), (50,26), (41,48), (60,79), (97,72), (95,0), (57,84), (1,23), (56,12), (84,11), (97,93), (42,24), (80,87), (37,25), (24,20), (94,11), (78,67), (22,18), (42,10), (41,65), (45,1), (18,56), (38,29), (26,29), (82,72), (54,29), (39,39), (0,25), (55,10), (4,88), (78,35), (54,72), (59,79), (88,94), (56,88), (35,9), (18,34), (39,91), (49,55), (98,54), (87,39), (3,60), (29,65), (70,94), (57,55), (74,51), (15,68), (14,57), (62,1), (15,5), (41,93), (9,52), (47,19), (77,69), (30,89), (78,75), (28,61), (82,75), (51,84), (6,36), (16,31), (78,20), (77,10), (22,64), (22,4), (20,23), (31,76), (80,28), (58,68), (1,40), (28,40), (29,54), (59,59), (0,75), (20,78), (95,3), (21,88), (89,99), (30,14), (8,52), (86,13), (92,29), (53,59), (67,55), (43,92), (47,3), (20,71), (94,42), (52,75), (43,3), (95,53), (69,1), (61,75), (51,18), (29,85), (72,20), (38,55), (49,78), (74,59), (78,95), (97,17), (77,38), (33,26), (5,51), (4,91), (19,45), (79,77), (57,37), (6,75), (71,89), (71,98), (20,36), (34,65), (34,97), (44,5), (55,76), (6,34), (83,73), (15,48), (33,36), (29,51), (45,71), (58,2), (86,95), (22,34), (49,74), (44,7), (50,8), (62,94), (61,11), (42,49), (93,6), (48,74), (43,69), (17,30), (70,71), (94,75), (30,5), (55,43), (66,19), (45,85), (95,39), (59,59), (97,54), (10,72), (68,72), (25,66), (40,53), (71,69), (1,95), (88,91), (2,80), (96,15), (19,27), (92,0), (34,9), (29,61), (14,92), (84,94), (43,0), (78,32), (75,71), (66,66), (31,12), (40,1), (11,19), (43,17), (13,20), (53,65), (56,39), (52,93), (49,4), (56,27), (27,69), (3,43), (79,79), (64,57), (53,96), (68,41), (89,85), (23,18), (69,52), (38,85), (49,41), (1,49), (39,4), (13,5), (39,95), (10,24), (21,17), (79,12), (90,2), (26,84), (19,15), (78,93), (36,57), (48,22), (5,43), (9,66), (61,37), (8,20), (91,62), (12,70), (68,30), (49,70), (45,67), (68,42), (31,56), (54,3), (72,82), (45,21), (61,1), (41,81), (91,56), (72,25), (59,20), (82,74), (33,75), (63,80), (76,30), (77,85), (4,70), (10,78), (25,59), (39,80), (36,60), (42,34), (75,78), (48,62), (16,24), (98,70), (94,9), (18,92), (4,20), (71,70), (43,49), (86,56), (23,24), (20,71), (4,26), (86,36), (69,4), (71,91), (46,98), (49,33), (84,78), (68,55), (81,63), (6,58), (93,39), (15,84), (16,98), (76,70), (58,76), (50,90), (19,70), (56,72), (10,52), (51,19), (9,58), (23,31), (34,49), (39,16), (33,57), (57,63), (36,97), (33,28), (59,24), (68,60), (43,3), (38,65), (39,91), (9,55), (91,70), (60,58), (95,40), (55,33), (98,77), (45,8), (18,5), (64,62), (7,35), (99,7), (30,91), (96,25), (56,28), (3,49), (58,47), (37,47), (13,36), (3,98), (35,69), (86,57), (66,9), (97,2), (52,83), (46,22), (24,54), (77,56), (82,6), (20,31), (14,34), (65,41), (90,69), (64,29), (1,25), (43,70), (65,32), (73,70), (16,64), (2,28), (39,17), (7,10), (34,0), (96,27), (78,14), (10,92), (55,93), (41,82), (94,63), (10,18), (24,91), (56,44), (45,64), (49,43), (41,54), (24,69), (24,42), (76,94), (65,22)]